[  5.43140618e-05  1.999271e-17    -1.33635108e-18 1.20884159e-08  -1.71268385e-18 7.57888541e-18
        2.23943134e-17  1.39911969e-05  -8.24710107e-20 2.42065474e-21  -3.08688858e-09 1.03814127e-07
        2.15368906e-19  9.10224023e-19  1.39911969e-05  -5.16380598e-19 -1.03814127e-07 -3.08688858e-09
        1.20884159e-08  -9.44392377e-21 -5.11883179e-19 5.73471933e-09  7.49046651e-21  -5.21877088e-21
        -1.72033032e-18 -3.08688858e-09 -1.03814127e-07 7.18137917e-21  1.38964853e-08  7.62899696e-21
        7.54991515e-18  1.03814127e-07  -3.08688858e-09 -5.09303487e-21 8.17661253e-21  1.38964853e-08
      ]
      
      
[  5.19970434e-05  -2.02556624e-17 -1.88292305e-17 1.21292578e-08  -7.30998801e-19 2.40379666e-18
        -1.9240454e-17  1.39650696e-05  -5.07441413e-19 -3.11435518e-19 -3.10917303e-09 1.06236744e-07
        -1.64999719e-17 -4.1889051e-19  1.39650696e-05  -1.88192237e-19 -1.06236744e-07 -3.10917303e-09
        1.21292578e-08  -3.04486277e-19 -1.92071341e-19 5.95740914e-09  -1.8563186e-22  -2.80511163e-21
        -7.26375126e-19 -3.10917303e-09 -1.06236744e-07 -1.50817655e-22 1.43128969e-08  -5.85957202e-21
        2.41979207e-18  1.06236744e-07  -3.10917303e-09 -3.21440743e-21 -5.67740873e-21 1.43128969e-08
      ]

[  4.96716019e-05  6.03145933e-17  1.34791377e-17  1.21486793e-08  3.76716297e-19  4.24564317e-18
        6.26767218e-17  1.39433605e-05  -6.15790211e-18 1.88527561e-19  -3.13703839e-09 1.08656325e-07
        1.38451682e-17  -6.08446408e-18 1.39433605e-05  1.5570272e-19   -1.08656325e-07 -3.13703839e-09
        1.21486793e-08  1.77646809e-19  1.44656086e-19  6.19409585e-09  -5.40631531e-21 -3.6553531e-22
        3.81771007e-19  -3.13703839e-09 -1.08656325e-07 -5.63304967e-21 1.4736109e-08   3.29034528e-21
        4.31183841e-18  1.08656325e-07  -3.13703839e-09 -1.61109428e-22 3.35631008e-21  1.4736109e-08
      ]
      
[  4.73400674e-05  3.5077793e-17   -2.02329849e-18 1.21442276e-08  -3.1379103e-19  2.17988583e-18
        3.40981918e-17  1.3926414e-05   -1.15347634e-17 1.49505933e-19  -3.17113495e-09 1.11066698e-07
        -2.7602886e-19  -1.04315133e-17 1.3926414e-05   -7.23515138e-19 -1.11066698e-07 -3.17113495e-09
        1.21442276e-08  1.56911256e-19  -7.32958731e-19 6.4458156e-09   9.91013622e-21  6.61808127e-22
        -3.07764113e-19 -3.17113495e-09 -1.11066698e-07 9.94318044e-21  1.51657154e-08  -1.07076963e-20
        2.19864441e-18  1.11066698e-07  -3.17113495e-09 7.8460329e-22   -1.07626539e-20 1.51657154e-08
      ]
      
[  4.50050706e-05  9.0520582e-17   8.51599319e-18  1.21132077e-08  -1.37946057e-18 3.87893347e-18
        9.14260897e-17  1.39146004e-05  6.33277682e-18  1.22995975e-19  -3.2121312e-09  1.13460926e-07
        8.3012466e-18   5.16805588e-18  1.39146004e-05  -1.93500295e-19 -1.13460926e-07 -3.2121312e-09
        1.21132077e-08  1.16207721e-19  -2.09996559e-19 6.71365271e-09  7.9520109e-22   1.12315304e-23
        -1.32064075e-18 -3.2121312e-09  -1.13460926e-07 9.45596184e-22  1.56012267e-08  -1.65153169e-20
        3.85946603e-18  1.13460926e-07  -3.2121312e-09  9.0167439e-23   -1.66949139e-20 1.56012267e-08
      ]
      
[  4.26695723e-05  -1.39090322e-17 -3.57970335e-17 1.20526672e-08  1.62225454e-18  1.26546321e-18
        -1.14017136e-17 1.39083225e-05  -5.22177162e-18 9.75529939e-20  -3.26070261e-09 1.15831058e-07
        -3.54251537e-17 -5.31235638e-18 1.39083225e-05  -8.84247544e-19 -1.15831058e-07 -3.26070262e-09
        1.20526672e-08  9.09058727e-20  -8.91180276e-19 6.99872869e-09  -9.87844867e-21 -7.03656434e-21
        1.61173743e-18  -3.26070261e-09 -1.15831058e-07 -9.05551645e-21 1.60420388e-08  4.29520371e-20
        1.29725633e-18  1.15831058e-07  -3.26070262e-09 -7.15387062e-21 4.28803282e-20  1.60420388e-08
      ]
      
[  4.03368949e-05  -2.6349088e-17  -8.84462224e-18 1.19593839e-08  4.1736586e-19   -3.78230022e-18
        -2.41114481e-17 1.39080257e-05  -1.00385017e-18 -8.33997996e-21 -3.31751801e-09 1.18167789e-07
        -8.74993713e-18 -9.96466542e-19 1.39080257e-05  -3.36232161e-19 -1.18167789e-07 -3.31751801e-09
        1.19593839e-08  -3.97955479e-21 -3.32046623e-19 7.3021855e-09   -4.83827819e-21 -1.39744308e-20
        4.43295448e-19  -3.31751801e-09 -1.18167789e-07 -4.08247333e-21 1.64873883e-08  1.57738555e-20
        -3.77179008e-18 1.18167789e-07  -3.31751801e-09 -1.44214463e-20 1.59656577e-20  1.64873883e-08
      ]
      
[  3.80107563e-05  -8.74170106e-18 6.79038976e-18  1.18298615e-08  1.87240638e-18  2.22589096e-18
        -8.82104108e-18 1.39142124e-05  3.46842133e-18  2.69303523e-19  -3.38322394e-09 1.20459976e-07
        5.96733651e-18  2.66861042e-18  1.39142124e-05  -5.30166114e-19 -1.20459976e-07 -3.38322394e-09
        1.18298615e-08  2.52772856e-19  -5.47478018e-19 7.6251611e-09   1.57527912e-20  5.99305379e-21
        1.88493165e-18  -3.38322394e-09 -1.20459976e-07 1.51807194e-20  1.69362899e-08  1.17089873e-20
        2.2550454e-18   1.20459976e-07  -3.38322394e-09 6.07154438e-21  1.13247407e-20  1.69362899e-08
      ]
      
[  3.56953064e-05  4.44374214e-17  4.77243307e-17  1.16603349e-08  -7.77170666e-19 6.07780823e-18
        4.38034324e-17  1.39274625e-05  2.69346473e-17  1.20602454e-18  -3.45842809e-09 1.22693975e-07
        4.65317061e-17  2.66439142e-17  1.39274625e-05  -6.45826721e-19 -1.22693975e-07 -3.45842809e-09
        1.16603349e-08  1.23088468e-18  -6.58229257e-19 7.96875449e-09  -9.17076555e-21 -1.331247e-20
        -7.66300442e-19 -3.45842809e-09 -1.22693975e-07 -9.4489332e-21  1.7387451e-08   -6.85176759e-22
        6.06993042e-18  1.22693975e-07  -3.45842809e-09 -1.38103603e-20 -7.52782937e-22 1.7387451e-08
      ]
      
[  3.33951667e-05  1.00973041e-17  -2.23456621e-17 1.14467891e-08  1.97486819e-18  -2.81990674e-18
        9.24484049e-18  1.39484637e-05  -8.21379971e-18 -4.1491415e-20  -3.54368322e-09 1.24852732e-07
        -2.37065089e-17 -8.25968099e-18 1.39484637e-05  -2.03656331e-19 -1.24852732e-07 -3.54368322e-09
        1.14467891e-08  -4.74767096e-20 -1.89328413e-19 8.33397694e-09  6.73178673e-21  -2.7206896e-21
        1.98640921e-18  -3.54368322e-09 -1.24852732e-07 6.58241769e-21  1.78391562e-08  4.97016719e-20
        -2.81509059e-18 1.24852732e-07  -3.54368322e-09 -3.07907447e-21 5.02089692e-20  1.78391562e-08
      ]
      
[  3.11154719e-05  -4.76859958e-18 9.54756235e-19  1.11849992e-08  -1.53344696e-18 2.96999648e-19
        -3.70639439e-18 1.39780534e-05  2.97810388e-18  2.65311704e-19  -3.63947412e-09 1.26914564e-07
        2.14000797e-18  2.72752082e-18  1.39780534e-05  1.56634487e-19  -1.26914564e-07 -3.63947412e-09
        1.11849992e-08  2.68755769e-19  1.56734507e-19  8.72168422e-09  9.09997423e-21  1.87133565e-21
        -1.56008975e-18 -3.63947412e-09 -1.26914564e-07 8.84101644e-21  1.82891124e-08  -1.64844676e-20
        3.0904723e-19   1.26914564e-07  -3.63947412e-09 1.70969865e-21  -1.62603956e-20 1.82891124e-08
      ]
      
[  2.88619152e-05  1.68081631e-17  -1.59147902e-17 1.08705943e-08  7.64097086e-19  3.89629611e-19
        1.64424911e-17  1.40172791e-05  -4.55842589e-18 -3.4193338e-19  -3.74621061e-09 1.28851505e-07
        -1.66005377e-17 -4.82516418e-18 1.40172791e-05  -6.09190669e-20 -1.28851505e-07 -3.74621061e-09
        1.08705943e-08  -3.3421748e-19  -5.26309341e-20 9.13248356e-09  4.34996752e-21  -3.03063682e-21
        7.59355379e-19  -3.74621061e-09 -1.28851505e-07 4.73003568e-21  1.87342451e-08  1.44319683e-20
        3.84637806e-19  1.28851505e-07  -3.74621061e-09 -3.43121634e-21 1.45455741e-20  1.87342451e-08
      ]      
      
[  2.66407953e-05  1.16800863e-18  3.79816983e-17  1.04991558e-08  -7.15336707e-19 2.38565733e-18
        6.86772824e-19  1.4067484e-05   -5.22522201e-18 1.00872145e-20  -3.86422958e-09 1.3062711e-07
        3.85896495e-17  -4.73823511e-18 1.4067484e-05   -6.24019826e-19 -1.3062711e-07  -3.86422958e-09
        1.04991558e-08  2.2422479e-20   -6.25452172e-19 9.5666059e-09   8.53709145e-21  -1.76675123e-20
        -7.12610066e-19 -3.86422958e-09 -1.3062711e-07  8.48904245e-21  1.9170434e-08   -1.52544773e-20
        2.37255977e-18  1.3062711e-07   -3.86422958e-09 -1.77791633e-20 -1.53074884e-20 1.9170434e-08
      ]
      
[  2.44590661e-05  2.14477209e-17  1.2342021e-17   1.00663553e-08  -1.46622494e-18 -3.5718923e-18
        2.1079975e-17   1.41304276e-05  -3.35541755e-17 -2.33130047e-19 -3.99380763e-09 1.32193547e-07
        1.2015472e-17   -3.31934128e-17 1.41304276e-05  9.52039337e-19  -1.32193547e-07 -3.99380763e-09
        1.00663553e-08  -2.17715255e-19 9.5504683e-19   1.00237307e-08  -1.73358145e-21 1.10454709e-20
        -1.45927028e-18 -3.99380763e-09 -1.32193547e-07 -1.79760717e-21 1.95921756e-08  -6.73456239e-20
        -3.55635155e-18 1.32193547e-07  -3.99380763e-09 1.06721451e-20  -6.73648426e-20 1.95921756e-08
      ]
      
[  2.23243878e-05  5.53255686e-18  4.48168348e-18  9.5681403e-09   -4.60979904e-19 2.88969062e-19
        6.15216065e-18  1.4208458e-05   3.03071002e-18  1.42142128e-19  -4.13518055e-09 1.33487769e-07
        4.35685329e-18  2.90118269e-18  1.4208458e-05   6.14868215e-19  -1.33487769e-07 -4.13518055e-09
        9.5681403e-09   1.49285984e-19  6.27664885e-19  1.05027442e-08  3.70574921e-21  -1.16536544e-21
        -4.62580718e-19 -4.13518055e-09 -1.33487769e-07 4.06735763e-21  1.99921647e-08  -2.06693429e-20
        2.7298844e-19   1.33487769e-07  -4.13518055e-09 -1.65090045e-21 -2.06319829e-20 1.99921647e-08
      ]
      
[  2.02451765e-05  1.25455912e-17  1.85314391e-18  9.00097251e-09  -4.14305342e-19 4.65721121e-19
        1.27529431e-17  1.43047552e-05  -1.23495601e-18 -8.68217774e-21 -4.28855146e-09 1.34426547e-07
        1.84568842e-18  -8.09637426e-19 1.43047552e-05  -6.17635702e-20 -1.34426547e-07 -4.28855146e-09
        9.00097251e-09  -5.07699992e-21 -5.46170962e-20 1.10014035e-08  7.28647815e-21  -2.04089128e-20
        -4.21281868e-19 -4.28855146e-09 -1.34426547e-07 7.5845197e-21   2.03607962e-08  2.59062328e-20
        4.74688238e-19  1.34426547e-07  -4.28855146e-09 -2.04272898e-20 2.59148199e-20  2.03607962e-08
      ]