[0.0000162    0.           0.           1.482e-09    0.           0.         
    0.           0.0000072    0.           0.         -2.834e-09    3.961e-08  
    0.           0.           0.0000072    0.         -3.961e-08  -2.834e-09  
    1.482e-09    0.           0.           3.023e-09    0.           0.         
    0.         -2.834e-09  -3.961e-08    0.           6.330e-09    0.         
    0.           3.961e-08  -2.834e-09    0.           0.           6.330e-09  ]
[0.0000162    0.           0.           1.482e-09    0.           0.         
    0.           0.0000072    0.           0.         -2.834e-09    3.961e-08  
    0.           0.           0.0000072    0.         -3.961e-08  -2.834e-09  
    1.482e-09    0.           0.           3.023e-09    0.           0.         
    0.         -2.834e-09  -3.961e-08    0.           6.330e-09    0.         
    0.           3.961e-08  -2.834e-09    0.           0.           6.330e-09  ]
[0.0000162    0.           0.           1.482e-09    0.           0.         
    0.           0.0000072    0.           0.         -2.834e-09    3.961e-08  
    0.           0.           0.0000072    0.         -3.961e-08  -2.834e-09  
    1.482e-09    0.           0.           3.023e-09    0.           0.         
    0.         -2.834e-09  -3.961e-08    0.           6.330e-09    0.         
    0.           3.961e-08  -2.834e-09    0.           0.           6.330e-09  ]
[0.0000162    0.           0.           1.482e-09    0.           0.         
    0.           0.0000072    0.           0.         -2.834e-09    3.961e-08  
    0.           0.           0.0000072    0.         -3.961e-08  -2.834e-09  
    1.482e-09    0.           0.           3.023e-09    0.           0.         
    0.         -2.834e-09  -3.961e-08    0.           6.330e-09    0.         
    0.           3.961e-08  -2.834e-09    0.           0.           6.330e-09  ]
[0.0000162    0.           0.           1.482e-09    0.           0.         
    0.           0.0000072    0.           0.         -2.834e-09    3.961e-08  
    0.           0.           0.0000072    0.         -3.961e-08  -2.834e-09  
    1.482e-09    0.           0.           3.023e-09    0.           0.         
    0.         -2.834e-09  -3.961e-08    0.           6.330e-09    0.         
    0.           3.961e-08  -2.834e-09    0.           0.           6.330e-09  ]
[0.0000162    0.           0.           1.482e-09    0.           0.         
    0.           0.0000072    0.           0.         -2.834e-09    3.961e-08  
    0.           0.           0.0000072    0.         -3.961e-08  -2.834e-09  
    1.482e-09    0.           0.           3.023e-09    0.           0.         
    0.         -2.834e-09  -3.961e-08    0.           6.330e-09    0.         
    0.           3.961e-08  -2.834e-09    0.           0.           6.330e-09  ]
[0.0000162    0.           0.           1.482e-09    0.           0.         
    0.           0.0000072    0.           0.         -2.834e-09    3.961e-08  
    0.           0.           0.0000072    0.         -3.961e-08  -2.834e-09  
    1.482e-09    0.           0.           3.023e-09    0.           0.         
    0.         -2.834e-09  -3.961e-08    0.           6.330e-09    0.         
    0.           3.961e-08  -2.834e-09    0.           0.           6.330e-09  ]
[0.0000162    0.           0.           1.482e-09    0.           0.         
    0.           0.0000072    0.           0.         -2.834e-09    3.961e-08  
    0.           0.           0.0000072    0.         -3.961e-08  -2.834e-09  
    1.482e-09    0.           0.           3.023e-09    0.           0.         
    0.         -2.834e-09  -3.961e-08    0.           6.330e-09    0.         
    0.           3.961e-08  -2.834e-09    0.           0.           6.330e-09  ]
[0.0000162    0.           0.           1.482e-09    0.           0.         
    0.           0.0000072    0.           0.         -2.834e-09    3.961e-08  
    0.           0.           0.0000072    0.         -3.961e-08  -2.834e-09  
    1.482e-09    0.           0.           3.023e-09    0.           0.         
    0.         -2.834e-09  -3.961e-08    0.           6.330e-09    0.         
    0.           3.961e-08  -2.834e-09    0.           0.           6.330e-09  ]
[0.0000162    0.           0.           1.482e-09    0.           0.         
    0.           0.0000072    0.           0.         -2.834e-09    3.961e-08  
    0.           0.           0.0000072    0.         -3.961e-08  -2.834e-09  
    1.482e-09    0.           0.           3.023e-09    0.           0.         
    0.         -2.834e-09  -3.961e-08    0.           6.330e-09    0.         
    0.           3.961e-08  -2.834e-09    0.           0.           6.330e-09  ]
[0.0000162    0.           0.           1.482e-09    0.           0.         
    0.           0.0000072    0.           0.         -2.834e-09    3.961e-08  
    0.           0.           0.0000072    0.         -3.961e-08  -2.834e-09  
    1.482e-09    0.           0.           3.023e-09    0.           0.         
    0.         -2.834e-09  -3.961e-08    0.           6.330e-09    0.         
    0.           3.961e-08  -2.834e-09    0.           0.           6.330e-09  ]
[0.0000162    0.           0.           1.482e-09    0.           0.         
    0.           0.0000072    0.           0.         -2.834e-09    3.961e-08  
    0.           0.           0.0000072    0.         -3.961e-08  -2.834e-09  
    1.482e-09    0.           0.           3.023e-09    0.           0.         
    0.         -2.834e-09  -3.961e-08    0.           6.330e-09    0.         
    0.           3.961e-08  -2.834e-09    0.           0.           6.330e-09  ]
[0.0000162    0.           0.           1.482e-09    0.           0.         
    0.           0.0000072    0.           0.         -2.834e-09    3.961e-08  
    0.           0.           0.0000072    0.         -3.961e-08  -2.834e-09  
    1.482e-09    0.           0.           3.023e-09    0.           0.         
    0.         -2.834e-09  -3.961e-08    0.           6.330e-09    0.         
    0.           3.961e-08  -2.834e-09    0.           0.           6.330e-09  ]
[0.0000162    0.           0.           1.482e-09    0.           0.         
    0.           0.0000072    0.           0.         -2.834e-09    3.961e-08  
    0.           0.           0.0000072    0.         -3.961e-08  -2.834e-09  
    1.482e-09    0.           0.           3.023e-09    0.           0.         
    0.         -2.834e-09  -3.961e-08    0.           6.330e-09    0.         
    0.           3.961e-08  -2.834e-09    0.           0.           6.330e-09  ]
[0.0000162    0.           0.           1.482e-09    0.           0.         
    0.           0.0000072    0.           0.         -2.834e-09    3.961e-08  
    0.           0.           0.0000072    0.         -3.961e-08  -2.834e-09  
    1.482e-09    0.           0.           3.023e-09    0.           0.         
    0.         -2.834e-09  -3.961e-08    0.           6.330e-09    0.         
    0.           3.961e-08  -2.834e-09    0.           0.           6.330e-09  ]
[0.0000162    0.           0.           1.482e-09    0.           0.         
    0.           0.0000072    0.           0.         -2.834e-09    3.961e-08  
    0.           0.           0.0000072    0.         -3.961e-08  -2.834e-09  
    1.482e-09    0.           0.           3.023e-09    0.           0.         
    0.         -2.834e-09  -3.961e-08    0.           6.330e-09    0.         
    0.           3.961e-08  -2.834e-09    0.           0.           6.330e-09  ]
[0.0000162    0.           0.           1.482e-09    0.           0.         
    0.           0.0000072    0.           0.         -2.834e-09    3.961e-08  
    0.           0.           0.0000072    0.         -3.961e-08  -2.834e-09  
    1.482e-09    0.           0.           3.023e-09    0.           0.         
    0.         -2.834e-09  -3.961e-08    0.           6.330e-09    0.         
    0.           3.961e-08  -2.834e-09    0.           0.           6.330e-09  ]
[0.0000162    0.           0.           1.482e-09    0.           0.         
    0.           0.0000072    0.           0.         -2.834e-09    3.961e-08  
    0.           0.           0.0000072    0.         -3.961e-08  -2.834e-09  
    1.482e-09    0.           0.           3.023e-09    0.           0.         
    0.         -2.834e-09  -3.961e-08    0.           6.330e-09    0.         
    0.           3.961e-08  -2.834e-09    0.           0.           6.330e-09  ]
[0.0000162    0.           0.           1.482e-09    0.           0.         
    0.           0.0000072    0.           0.         -2.834e-09    3.961e-08  
    0.           0.           0.0000072    0.         -3.961e-08  -2.834e-09  
    1.482e-09    0.           0.           3.023e-09    0.           0.         
    0.         -2.834e-09  -3.961e-08    0.           6.330e-09    0.         
    0.           3.961e-08  -2.834e-09    0.           0.           6.330e-09  ]
[0.0000162    0.           0.           1.482e-09    0.           0.         
    0.           0.0000072    0.           0.         -2.834e-09    3.961e-08  
    0.           0.           0.0000072    0.         -3.961e-08  -2.834e-09  
    1.482e-09    0.           0.           3.023e-09    0.           0.         
    0.         -2.834e-09  -3.961e-08    0.           6.330e-09    0.         
    0.           3.961e-08  -2.834e-09    0.           0.           6.330e-09  ]
