[0.0001290    0.           0.           3.987e-10    0.           0.         
    0.           0.0000225    0.           0.         -3.359e-09    0.0000008  
    0.           0.           0.0000225    0.         -0.0000008  -3.359e-09  
    3.987e-10    0.           0.           1.009e-08    0.           0.         
    0.         -3.359e-09  -0.0000008    0.           0.0000001    0.         
    0.           0.0000008  -3.359e-09    0.           0.           0.0000001]
[0.0001290    0.           0.           3.987e-10    0.           0.         
    0.           0.0000225    0.           0.         -3.359e-09    0.0000008  
    0.           0.           0.0000225    0.         -0.0000008  -3.359e-09  
    3.987e-10    0.           0.           1.009e-08    0.           0.         
    0.         -3.359e-09  -0.0000008    0.           0.0000001    0.         
    0.           0.0000008  -3.359e-09    0.           0.           0.0000001]
[0.0001290    0.           0.           3.987e-10    0.           0.         
    0.           0.0000225    0.           0.         -3.359e-09    0.0000008  
    0.           0.           0.0000225    0.         -0.0000008  -3.359e-09  
    3.987e-10    0.           0.           1.009e-08    0.           0.         
    0.         -3.359e-09  -0.0000008    0.           0.0000001    0.         
    0.           0.0000008  -3.359e-09    0.           0.           0.0000001]
[0.0001290    0.           0.           3.987e-10    0.           0.         
    0.           0.0000225    0.           0.         -3.359e-09    0.0000008  
    0.           0.           0.0000225    0.         -0.0000008  -3.359e-09  
    3.987e-10    0.           0.           1.009e-08    0.           0.         
    0.         -3.359e-09  -0.0000008    0.           0.0000001    0.         
    0.           0.0000008  -3.359e-09    0.           0.           0.0000001]
[0.0001290    0.           0.           3.987e-10    0.           0.         
    0.           0.0000225    0.           0.         -3.359e-09    0.0000008  
    0.           0.           0.0000225    0.         -0.0000008  -3.359e-09  
    3.987e-10    0.           0.           1.009e-08    0.           0.         
    0.         -3.359e-09  -0.0000008    0.           0.0000001    0.         
    0.           0.0000008  -3.359e-09    0.           0.           0.0000001]
[0.0001290    0.           0.           3.987e-10    0.           0.         
    0.           0.0000225    0.           0.         -3.359e-09    0.0000008  
    0.           0.           0.0000225    0.         -0.0000008  -3.359e-09  
    3.987e-10    0.           0.           1.009e-08    0.           0.         
    0.         -3.359e-09  -0.0000008    0.           0.0000001    0.         
    0.           0.0000008  -3.359e-09    0.           0.           0.0000001]
[0.0001290    0.           0.           3.987e-10    0.           0.         
    0.           0.0000225    0.           0.         -3.359e-09    0.0000008  
    0.           0.           0.0000225    0.         -0.0000008  -3.359e-09  
    3.987e-10    0.           0.           1.009e-08    0.           0.         
    0.         -3.359e-09  -0.0000008    0.           0.0000001    0.         
    0.           0.0000008  -3.359e-09    0.           0.           0.0000001]
[0.0001290    0.           0.           3.987e-10    0.           0.         
    0.           0.0000225    0.           0.         -3.359e-09    0.0000008  
    0.           0.           0.0000225    0.         -0.0000008  -3.359e-09  
    3.987e-10    0.           0.           1.009e-08    0.           0.         
    0.         -3.359e-09  -0.0000008    0.           0.0000001    0.         
    0.           0.0000008  -3.359e-09    0.           0.           0.0000001]
[0.0001290    0.           0.           3.987e-10    0.           0.         
    0.           0.0000225    0.           0.         -3.359e-09    0.0000008  
    0.           0.           0.0000225    0.         -0.0000008  -3.359e-09  
    3.987e-10    0.           0.           1.009e-08    0.           0.         
    0.         -3.359e-09  -0.0000008    0.           0.0000001    0.         
    0.           0.0000008  -3.359e-09    0.           0.           0.0000001]
[0.0001290    0.           0.           3.987e-10    0.           0.         
    0.           0.0000225    0.           0.         -3.359e-09    0.0000008  
    0.           0.           0.0000225    0.         -0.0000008  -3.359e-09  
    3.987e-10    0.           0.           1.009e-08    0.           0.         
    0.         -3.359e-09  -0.0000008    0.           0.0000001    0.         
    0.           0.0000008  -3.359e-09    0.           0.           0.0000001]
[0.0001290    0.           0.           3.987e-10    0.           0.         
    0.           0.0000225    0.           0.         -3.359e-09    0.0000008  
    0.           0.           0.0000225    0.         -0.0000008  -3.359e-09  
    3.987e-10    0.           0.           1.009e-08    0.           0.         
    0.         -3.359e-09  -0.0000008    0.           0.0000001    0.         
    0.           0.0000008  -3.359e-09    0.           0.           0.0000001]
[0.0001290    0.           0.           3.987e-10    0.           0.         
    0.           0.0000225    0.           0.         -3.359e-09    0.0000008  
    0.           0.           0.0000225    0.         -0.0000008  -3.359e-09  
    3.987e-10    0.           0.           1.009e-08    0.           0.         
    0.         -3.359e-09  -0.0000008    0.           0.0000001    0.         
    0.           0.0000008  -3.359e-09    0.           0.           0.0000001]
[0.0001290    0.           0.           3.987e-10    0.           0.         
    0.           0.0000225    0.           0.         -3.359e-09    0.0000008  
    0.           0.           0.0000225    0.         -0.0000008  -3.359e-09  
    3.987e-10    0.           0.           1.009e-08    0.           0.         
    0.         -3.359e-09  -0.0000008    0.           0.0000001    0.         
    0.           0.0000008  -3.359e-09    0.           0.           0.0000001]
[0.0001290    0.           0.           3.987e-10    0.           0.         
    0.           0.0000225    0.           0.         -3.359e-09    0.0000008  
    0.           0.           0.0000225    0.         -0.0000008  -3.359e-09  
    3.987e-10    0.           0.           1.009e-08    0.           0.         
    0.         -3.359e-09  -0.0000008    0.           0.0000001    0.         
    0.           0.0000008  -3.359e-09    0.           0.           0.0000001]
[0.0001290    0.           0.           3.987e-10    0.           0.         
    0.           0.0000225    0.           0.         -3.359e-09    0.0000008  
    0.           0.           0.0000225    0.         -0.0000008  -3.359e-09  
    3.987e-10    0.           0.           1.009e-08    0.           0.         
    0.         -3.359e-09  -0.0000008    0.           0.0000001    0.         
    0.           0.0000008  -3.359e-09    0.           0.           0.0000001]
[0.0001290    0.           0.           3.987e-10    0.           0.         
    0.           0.0000225    0.           0.         -3.359e-09    0.0000008  
    0.           0.           0.0000225    0.         -0.0000008  -3.359e-09  
    3.987e-10    0.           0.           1.009e-08    0.           0.         
    0.         -3.359e-09  -0.0000008    0.           0.0000001    0.         
    0.           0.0000008  -3.359e-09    0.           0.           0.0000001]
[0.0001290    0.           0.           3.987e-10    0.           0.         
    0.           0.0000225    0.           0.         -3.359e-09    0.0000008  
    0.           0.           0.0000225    0.         -0.0000008  -3.359e-09  
    3.987e-10    0.           0.           1.009e-08    0.           0.         
    0.         -3.359e-09  -0.0000008    0.           0.0000001    0.         
    0.           0.0000008  -3.359e-09    0.           0.           0.0000001]
[0.0001290    0.           0.           3.987e-10    0.           0.         
    0.           0.0000225    0.           0.         -3.359e-09    0.0000008  
    0.           0.           0.0000225    0.         -0.0000008  -3.359e-09  
    3.987e-10    0.           0.           1.009e-08    0.           0.         
    0.         -3.359e-09  -0.0000008    0.           0.0000001    0.         
    0.           0.0000008  -3.359e-09    0.           0.           0.0000001]
[0.0001290    0.           0.           3.987e-10    0.           0.         
    0.           0.0000225    0.           0.         -3.359e-09    0.0000008  
    0.           0.           0.0000225    0.         -0.0000008  -3.359e-09  
    3.987e-10    0.           0.           1.009e-08    0.           0.         
    0.         -3.359e-09  -0.0000008    0.           0.0000001    0.         
    0.           0.0000008  -3.359e-09    0.           0.           0.0000001]
[0.0001290    0.           0.           3.987e-10    0.           0.         
    0.           0.0000225    0.           0.         -3.359e-09    0.0000008  
    0.           0.           0.0000225    0.         -0.0000008  -3.359e-09  
    3.987e-10    0.           0.           1.009e-08    0.           0.         
    0.         -3.359e-09  -0.0000008    0.           0.0000001    0.         
    0.           0.0000008  -3.359e-09    0.           0.           0.0000001]
