[[1e-2    0.     0.     0.       0.       0
0.     1e-2    0.     0.       0.       0.     
0.     0.     1e-2    0.       0.       0.     
0.     0.     0.     1e-4    0.       0.     
0.     0.     0.     0.       1e-4    0.     
0.     0.     0.     0.       0.       1e-4  ]] 

[[1e-2    0.     0.     0.       0.       0
0.     1e-2    0.     0.       0.       0.     
0.     0.     1e-2    0.       0.       0.     
0.     0.     0.     1e-4    0.       0.     
0.     0.     0.     0.       1e-4    0.     
0.     0.     0.     0.       0.       1e-4  ]] 